model-set:
  &S0 NcmMSet:
    valid-map: true
    model-array:
    - &S1 NcHICosmoDEXcdm:
        sparam-array: {}
        reparam:
          &S2 NcHICosmoDEReparamOk:
            length: 8
            params-desc:
              2:
                &S3 NcmSParam:
                  name: 'Omegak'
                  symbol: '\\Omega_{k0}'
                  lower-bound: -0.29999999999999999
                  upper-bound: 0.29999999999999999
                  scale: 0.01
                  absolute-tolerance: 0.0
                  default-value: 0.0
                  fit-type: 1
            compat-type: 'NcHICosmoDE'
        submodel-array:
        - &S4 NcHIReionCamb:
            sparam-array: {}
            submodel-array: []
            prec: 9.9999999999999995e-08
            HII-HeII-reion-delta: 0.5
            HeIII-reion-delta: 0.5
            HII-HeII-reion-exponent: 1.5
            HeII-reionized: true
            z-re: 13.0
            z-He-re: 3.5
            z-re-fit: false
            z-He-re-fit: false
        - &S5 NcHIPrimPowerLaw:
            sparam-array: {}
            submodel-array: []
            k-pivot: 0.050000000000000003
            ln10e10ASA: 3.0274496981616061
            T-SA-ratio: 0.20000000000000001
            n-SA: 0.97419999999999995
            n-T: 0.0
            ln10e10ASA-fit: true
            T-SA-ratio-fit: false
            n-SA-fit: false
            n-T-fit: false
        H0: 67.810000000000002
        Omegac: 0.26119999999999999
        Omegax: 0.69010914771956156
        Tgamma0: 2.7244999999999999
        Yp: 0.23999999999999999
        ENnu: 3.0459999999999998
        Omegab: 0.048599999999999997
        massnu-length: 0
        Tnu-length: 0
        munu-length: 0
        gnu-length: 0
        H0-fit: false
        Omegac-fit: true
        Omegax-fit: false
        Tgamma0-fit: false
        Yp-fit: false
        ENnu-fit: false
        Omegab-fit: false
        massnu-fit: []
        Tnu-fit: []
        munu-fit: []
        gnu-fit: []
        w: -1.0
        w-fit: true
    - &S6 NcClusterMassNodist:
        sparam-array: {}
        submodel-array: []
        lnM-min: 32.236191301916641
        lnM-max: 36.841361487904734
    - &S7 NcClusterRedshiftNodist:
        sparam-array: {}
        submodel-array: []
        z-min: 0.0
        z-max: 2.0
    fmap: [
      'NcHICosmo:Omegac',
      'NcHICosmo:w',
      'NcHIPrim:ln10e10ASA'
      ]
likelihood:
  &S8 NcmLikelihood:
    dataset:
      &S9 NcmDataset:
        bootstrap-type: 0
        data-array:
        - &S10 NcDataClusterNCountsGauss:
            desc: 'NcDataClusterNCountsGauss'
            long-desc: ''
            init: true
            n-points: 7
            use-norma: true
            mean:
              &S11 NcmVector:
                values: [
                  5793.9455081416781,
                  18065.748937428081,
                  33949.946224161977,
                  50801.525892418409,
                  66802.117538309743,
                  80052.307630738855,
                  91228.56683079619
                  ]
            cov:
              &S12 NcmMatrix:
                values: [
                  [
                    5719.1656818550682,
                    -654.93792855356105,
                    -232.96884143576204,
                    -87.29235246605117,
                    -45.513953045967412,
                    -24.011781780843588,
                    -11.843280777123638
                  ],
                  [
                    -654.93792855356105,
                    15950.781509110286,
                    -1410.3109030416244,
                    -426.20333245609987,
                    -189.00966115771931,
                    -82.309228278549369,
                    -21.378077814332272
                  ],
                  [
                    -232.96884143576204,
                    -1410.3109030416244,
                    25084.497047396533,
                    -1851.4509964411805,
                    -549.06337527957021,
                    -236.93169952885245,
                    -103.15762894402188
                  ],
                  [
                    -87.29235246605117,
                    -426.20333245609987,
                    -1851.4509964411805,
                    30803.384232428332,
                    -1936.6988776637363,
                    -602.20090254173647,
                    -232.49930413928311
                  ],
                  [
                    -45.513953045967412,
                    -189.00966115771931,
                    -549.06337527957021,
                    -1936.6988776637363,
                    31840.236971403909,
                    -1668.4811037063546,
                    -548.44465448218853
                  ],
                  [
                    -24.011781780843588,
                    -82.309228278549369,
                    -236.93169952885245,
                    -602.20090254173647,
                    -1668.4811037063546,
                    29928.733520695259,
                    -1319.1391188701241
                  ],
                  [
                    -11.843280777123638,
                    -21.378077814332272,
                    -103.15762894402188,
                    -232.49930413928311,
                    -548.44465448218853,
                    -1319.1391188701241,
                    25817.425273949499
                  ]
                  ]
            z-obs:
              &S13 NcmVector:
                values: [
                  0.10000000000000001,
                  0.20000000000000001,
                  0.30000000000000004,
                  0.40000000000000002,
                  0.5,
                  0.59999999999999998,
                  0.70000000000000007,
                  0.80000000000000004
                  ]
            lnM-obs:
              &S14 NcmVector:
                values: [
                  32.236191301916641,
                  34.538776394910691
                  ]
            cluster-abundance:
              &S15 NcClusterAbundance:
                halo-mass-function:
                  &S16 NcHaloMassFunction:
                    distance:
                      &S17 NcDistance:
                        zf: 2.0
                        compute-inv-comoving: false
                    powerspectrum-filtered:
                      &S18 NcmPowspecFilter:
                        type: 0
                        lnr0: 2.3025850929940468
                        zi: 0.0
                        zf: 5.0
                        reltol: 0.001
                        reltol-z: 9.9999999999999995e-07
                        powerspectrum:
                          &S19 NcPowspecMLTransfer:
                            reltol: 1.4901161193847656e-08
                            zi: 0.0
                            zf: 5.0
                            kmin: 1e-08
                            kmax: 1000000.0
                            transfer:
                              &S20 NcTransferFuncEH:
                                CCL-comp: false
                            growth:
                              &S21 NcGrowthFunc:
                                reltol: 1e-13
                                abstol: 0.0
                                x-i: 1000000000000.0
                    multiplicity:
                      &S22 NcMultiplicityFuncTinker:
                        mass-def: 1
                        Delta: 200.0
                    area: 0.90139340689084935
                    prec: 9.9999999999999995e-07
                    lnMi: 32.236191301916641
                    lnMf: 36.841361487904734
                    zi: 0.0
                    zf: 2.0
                    mf-lb: 1.0000000000000001e-30
                mean-bias:
                  &S23 NcHaloBiasTinker:
                    mass-function:
                      NcHaloMassFunction: *S16
                    critical-delta: 1.6859999999999999
                    B: 0.183
                    b: 1.5
                    c: 2.3999999999999999
            has-ssc: true
            s-matrix:
              &S24 NcmMatrix:
                values: [
                  [
                    1.9217520587747229e-05,
                    -3.0394042918151549e-06,
                    -6.1326774608315038e-07,
                    -1.9841653013356363e-07,
                    -9.0183513213474937e-08,
                    -3.5071369757417145e-08,
                    -1.628842120490418e-08
                  ],
                  [
                    -3.0394042918151549e-06,
                    7.4114631247776844e-06,
                    -1.3103489167853691e-06,
                    -3.465041588616047e-07,
                    -1.1817605491292627e-07,
                    -5.1794609793436414e-08,
                    -2.9221564812761093e-08
                  ],
                  [
                    -6.1326774608315038e-07,
                    -1.3103489167853691e-06,
                    3.7237694979445506e-06,
                    -7.0167046785649124e-07,
                    -2.2947353623732189e-07,
                    -7.7371290714203892e-08,
                    -3.6916350031254599e-08
                  ],
                  [
                    -1.9841653013356363e-07,
                    -3.465041588616047e-07,
                    -7.0167046785649124e-07,
                    2.3972765495785051e-06,
                    -4.8072799806337832e-07,
                    -1.5726504436093863e-07,
                    -5.9816506054899534e-08
                  ],
                  [
                    -9.0183513213474937e-08,
                    -1.1817605491292627e-07,
                    -2.2947353623732189e-07,
                    -4.8072799806337832e-07,
                    1.5828634357483777e-06,
                    -3.2999843536191013e-07,
                    -1.2185515390213088e-07
                  ],
                  [
                    -3.5071369757417145e-08,
                    -5.1794609793436414e-08,
                    -7.7371290714203892e-08,
                    -1.5726504436093863e-07,
                    -3.2999843536191013e-07,
                    1.2142403530609346e-06,
                    -2.4186478067808201e-07
                  ],
                  [
                    -1.628842120490418e-08,
                    -2.9221564812761093e-08,
                    -3.6916350031254599e-08,
                    -5.9816506054899534e-08,
                    -1.2185515390213088e-07,
                    -2.4186478067808201e-07,
                    8.9359183825675416e-07
                  ]
                  ]
            resample-s-matrix:
              &S25 NcmMatrix:
                values: [
                  [
                    0.00015855003622850661,
                    -2.1273615946068148e-05,
                    -4.1817105632603885e-06,
                    -1.1339185443072491e-06,
                    -5.0163422202054514e-07,
                    -2.4906129438271274e-07,
                    -1.2444741755036326e-07
                  ],
                  [
                    -2.1273615946068148e-05,
                    5.0118449589861288e-05,
                    -8.4323389426973611e-06,
                    -1.8441640980561943e-06,
                    -6.9391082866683075e-07,
                    -2.8438549683413755e-07,
                    -7.4827214470404294e-08
                  ],
                  [
                    -4.1817105632603885e-06,
                    -8.4323389426973611e-06,
                    2.1534866738770512e-05,
                    -4.4270038619952591e-06,
                    -1.1139279316468041e-06,
                    -4.5237338056849018e-07,
                    -1.9952955477737172e-07
                  ],
                  [
                    -1.1339185443072491e-06,
                    -1.8441640980561943e-06,
                    -4.4270038619952591e-06,
                    1.3268045001342705e-05,
                    -2.8434542807336539e-06,
                    -8.3207946507996583e-07,
                    -3.2544460000905975e-07
                  ],
                  [
                    -5.0163422202054514e-07,
                    -6.9391082866683075e-07,
                    -1.1139279316468041e-06,
                    -2.8434542807336539e-06,
                    9.0242909998730887e-06,
                    -1.9560575759288196e-06,
                    -6.5136611134957708e-07
                  ],
                  [
                    -2.4906129438271274e-07,
                    -2.8438549683413755e-07,
                    -4.5237338056849018e-07,
                    -8.3207946507996583e-07,
                    -1.9560575759288196e-06,
                    6.9461111123052325e-06,
                    -1.4744233653483586e-06
                  ],
                  [
                    -1.2444741755036326e-07,
                    -7.4827214470404294e-08,
                    -1.9952955477737172e-07,
                    -3.2544460000905975e-07,
                    -6.5136611134957708e-07,
                    -1.4744233653483586e-06,
                    5.2705276132159221e-06
                  ]
                  ]
            fix-cov: true
    priors-m2lnL: []
    priors-f: []
