model-set:
  &S0 NcmMSet:
    valid-map: true
    model-array:
    - &S1 NcHICosmoDEXcdm:
        sparam-array: {}
        reparam:
          &S2 NcHICosmoDEReparamOk:
            length: 8
            params-desc:
              2:
                &S3 NcmSParam:
                  name: 'Omegak'
                  symbol: '\\Omega_{k0}'
                  lower-bound: -0.29999999999999999
                  upper-bound: 0.29999999999999999
                  scale: 0.01
                  absolute-tolerance: 0.0
                  default-value: 0.0
                  fit-type: 1
            compat-type: 'NcHICosmoDE'
        submodel-array:
        - &S4 NcHIReionCamb:
            sparam-array: {}
            submodel-array: []
            prec: 9.9999999999999995e-08
            HII-HeII-reion-delta: 0.5
            HeIII-reion-delta: 0.5
            HII-HeII-reion-exponent: 1.5
            HeII-reionized: true
            z-re: 13.0
            z-He-re: 3.5
            z-re-fit: false
            z-He-re-fit: false
        - &S5 NcHIPrimPowerLaw:
            sparam-array: {}
            submodel-array: []
            k-pivot: 0.050000000000000003
            ln10e10ASA: 3.0274496981616061
            T-SA-ratio: 0.20000000000000001
            n-SA: 0.97419999999999995
            n-T: 0.0
            ln10e10ASA-fit: true
            T-SA-ratio-fit: false
            n-SA-fit: false
            n-T-fit: false
        H0: 67.810000000000002
        Omegac: 0.26119999999999999
        Omegax: 0.69010914771956156
        Tgamma0: 2.7244999999999999
        Yp: 0.23999999999999999
        ENnu: 3.0459999999999998
        Omegab: 0.048599999999999997
        massnu-length: 0
        Tnu-length: 0
        munu-length: 0
        gnu-length: 0
        H0-fit: false
        Omegac-fit: true
        Omegax-fit: false
        Tgamma0-fit: false
        Yp-fit: false
        ENnu-fit: false
        Omegab-fit: false
        massnu-fit: []
        Tnu-fit: []
        munu-fit: []
        gnu-fit: []
        w: -1.0
        w-fit: true
    - &S6 NcClusterMassNodist:
        sparam-array: {}
        submodel-array: []
        lnM-min: 32.236191301916641
        lnM-max: 36.841361487904734
    - &S7 NcClusterRedshiftNodist:
        sparam-array: {}
        submodel-array: []
        z-min: 0.0
        z-max: 2.0
    fmap: [
      'NcHICosmo:Omegac',
      'NcHICosmo:w',
      'NcHIPrim:ln10e10ASA'
      ]
likelihood:
  &S8 NcmLikelihood:
    dataset:
      &S9 NcmDataset:
        bootstrap-type: 0
        data-array:
        - &S10 NcDataClusterNCountsGauss:
            desc: 'NcDataClusterNCountsGauss'
            long-desc: ''
            init: true
            n-points: 7
            use-norma: true
            mean:
              &S11 NcmVector:
                values: [
                  9618.7550034278556,
                  21675.032046607568,
                  35249.700462143453,
                  47520.655014965516,
                  58846.332160518112,
                  69534.08830056552,
                  78160.834790659923
                  ]
            cov:
              &S12 NcmMatrix:
                values: [
                  [
                    12101.444984648409,
                    -725.97355116776964,
                    -173.42180649063388,
                    -19.078227045523835,
                    -29.391934224965269,
                    -29.352279013663296,
                    -128.99407331542304
                  ],
                  [
                    -725.97355116776964,
                    26386.756397839934,
                    -1261.4055144550161,
                    -299.27735228453872,
                    -95.720915880434191,
                    -73.784823864808459,
                    29.50213914349969
                  ],
                  [
                    -173.42180649063388,
                    -1261.4055144550161,
                    40900.962609469818,
                    -1703.3757519732205,
                    -488.68525857307543,
                    -160.73233798614427,
                    -61.623112568231335
                  ],
                  [
                    -19.078227045523835,
                    -299.27735228453872,
                    -1703.3757519732205,
                    54439.682689790039,
                    -2152.1462246407395,
                    -417.28831830345973,
                    -243.77795575076658
                  ],
                  [
                    -29.391934224965269,
                    -95.720915880434191,
                    -488.68525857307543,
                    -2152.1462246407395,
                    66701.741030666803,
                    -2466.7742055995545,
                    -577.30429989770801
                  ],
                  [
                    -29.352279013663296,
                    -73.784823864808459,
                    -160.73233798614427,
                    -417.28831830345973,
                    -2466.7742055995545,
                    78166.350306112348,
                    -2645.0793323685602
                  ],
                  [
                    -128.99407331542304,
                    29.50213914349969,
                    -61.623112568231335,
                    -243.77795575076658,
                    -577.30429989770801,
                    -2645.0793323685602,
                    87600.016037960784
                  ]
                  ]
            z-obs:
              &S13 NcmVector:
                values: [
                  0.10000000000000001,
                  0.20000000000000001,
                  0.30000000000000004,
                  0.40000000000000002,
                  0.5,
                  0.59999999999999998,
                  0.70000000000000007,
                  0.80000000000000004
                  ]
            lnM-obs:
              &S14 NcmVector:
                values: [
                  32.236191301916641,
                  34.538776394910691
                  ]
            cluster-abundance:
              &S15 NcClusterAbundance:
                halo-mass-function:
                  &S16 NcHaloMassFunction:
                    distance:
                      &S17 NcDistance:
                        zf: 2.0
                        compute-inv-comoving: false
                    powerspectrum-filtered:
                      &S18 NcmPowspecFilter:
                        type: 0
                        lnr0: 2.3025850929940468
                        zi: 0.0
                        zf: 5.0
                        reltol: 0.001
                        reltol-z: 9.9999999999999995e-07
                        powerspectrum:
                          &S19 NcPowspecMLTransfer:
                            reltol: 1.4901161193847656e-08
                            zi: 0.0
                            zf: 5.0
                            kmin: 1e-08
                            kmax: 1000000.0
                            transfer:
                              &S20 NcTransferFuncEH:
                                CCL-comp: false
                            growth:
                              &S21 NcGrowthFunc:
                                reltol: 1e-13
                                abstol: 0.0
                                x-i: 1000000000000.0
                    multiplicity:
                      &S22 NcMultiplicityFuncTinker:
                        mass-def: 1
                        Delta: 200.0
                    area: 0.90139340689084935
                    prec: 9.9999999999999995e-07
                    lnMi: 32.236191301916641
                    lnMf: 36.841361487904734
                    zi: 0.0
                    zf: 2.0
                    mf-lb: 1.0000000000000001e-30
                mean-bias:
                  &S23 NcHaloBiasTinker:
                    mass-function:
                      NcHaloMassFunction: *S16
                    critical-delta: 1.6859999999999999
                    B: 0.183
                    b: 1.5
                    c: 2.3999999999999999
            has-ssc: true
            s-matrix:
              &S24 NcmMatrix:
                values: [
                  [
                    6.1082440472869573e-05,
                    -8.1975657571112657e-06,
                    -1.1976784796983348e-06,
                    -9.4431570354545516e-08,
                    -1.141088115366923e-07,
                    -9.462014083808476e-08,
                    -3.5887198040339189e-07
                  ],
                  [
                    -8.1975657571112657e-06,
                    2.279628706433109e-05,
                    -3.8234304543584917e-06,
                    -6.5015211776277581e-07,
                    -1.6310218910864298e-07,
                    -1.0439284598255022e-07,
                    3.602344400154837e-08
                  ],
                  [
                    -1.1976784796983348e-06,
                    -3.8234304543584917e-06,
                    1.1146161254249641e-05,
                    -2.2632056519459343e-06,
                    -5.0927764499261011e-07,
                    -1.3908470844280659e-07,
                    -4.6020123991598185e-08
                  ],
                  [
                    -9.4431570354545516e-08,
                    -6.5015211776277581e-07,
                    -2.2632056519459343e-06,
                    6.5470540050357595e-06,
                    -1.6074586453155383e-06,
                    -2.5879447977434947e-07,
                    -1.3047918741674567e-07
                  ],
                  [
                    -1.141088115366923e-07,
                    -1.6310218910864298e-07,
                    -5.0927764499261011e-07,
                    -1.6074586453155383e-06,
                    4.4246253330116944e-06,
                    -1.1999412849572408e-06,
                    -2.4236138233938275e-07
                  ],
                  [
                    -9.462014083808476e-08,
                    -1.0439284598255022e-07,
                    -1.3908470844280659e-07,
                    -2.5879447977434947e-07,
                    -1.1999412849572408e-06,
                    3.548251139711184e-06,
                    -9.220364263365963e-07
                  ],
                  [
                    -3.5887198040339189e-07,
                    3.602344400154837e-08,
                    -4.6020123991598185e-08,
                    -1.3047918741674567e-07,
                    -2.4236138233938275e-07,
                    -9.220364263365963e-07,
                    2.8271640455591249e-06
                  ]
                  ]
            resample-s-matrix:
              NcmMatrix: *S24
            fix-cov: false
    priors-m2lnL: []
    priors-f: []
