model-set:
  &S0 NcmMSet:
    valid-map: true
    model-array:
    - &S1 NcHICosmoDEXcdm:
        sparam-array: {}
        reparam:
          &S2 NcHICosmoDEReparamOk:
            length: 8
            params-desc:
              2:
                &S3 NcmSParam:
                  name: 'Omegak'
                  symbol: '\\Omega_{k0}'
                  lower-bound: -0.29999999999999999
                  upper-bound: 0.29999999999999999
                  scale: 0.01
                  absolute-tolerance: 0.0
                  default-value: 0.0
                  fit-type: 1
            compat-type: 'NcHICosmoDE'
        submodel-array:
        - &S4 NcHIReionCamb:
            sparam-array: {}
            submodel-array: []
            prec: 9.9999999999999995e-08
            HII-HeII-reion-delta: 0.5
            HeIII-reion-delta: 0.5
            HII-HeII-reion-exponent: 1.5
            HeII-reionized: true
            z-re: 13.0
            z-He-re: 3.5
            z-re-fit: false
            z-He-re-fit: false
        - &S5 NcHIPrimPowerLaw:
            sparam-array: {}
            submodel-array: []
            k-pivot: 0.050000000000000003
            ln10e10ASA: 3.0274496981616061
            T-SA-ratio: 0.20000000000000001
            n-SA: 0.97419999999999995
            n-T: 0.0
            ln10e10ASA-fit: true
            T-SA-ratio-fit: false
            n-SA-fit: false
            n-T-fit: false
        H0: 67.810000000000002
        Omegac: 0.26119999999999999
        Omegax: 0.69010914771956156
        Tgamma0: 2.7244999999999999
        Yp: 0.23999999999999999
        ENnu: 3.0459999999999998
        Omegab: 0.048599999999999997
        massnu-length: 0
        Tnu-length: 0
        munu-length: 0
        gnu-length: 0
        H0-fit: false
        Omegac-fit: true
        Omegax-fit: false
        Tgamma0-fit: false
        Yp-fit: false
        ENnu-fit: false
        Omegab-fit: false
        massnu-fit: []
        Tnu-fit: []
        munu-fit: []
        gnu-fit: []
        w: -1.0
        w-fit: true
    - &S6 NcClusterMassNodist:
        sparam-array: {}
        submodel-array: []
        lnM-min: 32.236191301916641
        lnM-max: 36.841361487904734
    - &S7 NcClusterRedshiftNodist:
        sparam-array: {}
        submodel-array: []
        z-min: 0.0
        z-max: 2.0
    fmap: [
      'NcHICosmo:Omegac',
      'NcHICosmo:w',
      'NcHIPrim:ln10e10ASA'
      ]
likelihood:
  &S8 NcmLikelihood:
    dataset:
      &S9 NcmDataset:
        bootstrap-type: 0
        data-array:
        - &S10 NcDataClusterNCountsGauss:
            desc: 'NcDataClusterNCountsGauss'
            long-desc: ''
            init: true
            n-points: 7
            use-norma: true
            mean:
              &S11 NcmVector:
                values: [
                  5793.9455081416781,
                  18065.748937428081,
                  33949.946224161977,
                  50801.525892418409,
                  66802.117538309743,
                  80052.307630738855,
                  91228.56683079619
                  ]
            cov:
              &S12 NcmMatrix:
                values: [
                  [
                    9161.45496833578,
                    -1347.5503421728899,
                    -521.72316059603077,
                    -221.51419479289586,
                    -134.725706450736,
                    -84.866183964176145,
                    -50.996763618713331
                  ],
                  [
                    -1347.5503421728899,
                    27493.682446236591,
                    -3229.5566483579141,
                    -1105.9308465767431,
                    -572.10491995934183,
                    -297.47096550993928,
                    -94.129339270319107
                  ],
                  [
                    -521.72316059603077,
                    -3229.5566483579141,
                    50013.604077901822,
                    -5229.0256488702153,
                    -1808.8875698668298,
                    -932.00156750216513,
                    -494.37343720710322
                  ],
                  [
                    -221.51419479289586,
                    -1105.9308465767431,
                    -5229.0256488702153,
                    75186.422012197741,
                    -7229.9332373121488,
                    -2684.2190999442364,
                    -1262.5788822656721
                  ],
                  [
                    -134.725706450736,
                    -572.10491995934183,
                    -1808.8875698668298,
                    -7229.9332373121488,
                    97960.836316783898,
                    -8675.1781352481394,
                    -3474.163236039914
                  ],
                  [
                    -84.866183964176145,
                    -297.47096550993928,
                    -932.00156750216513,
                    -2684.2190999442364,
                    -8675.1781352481394,
                    119270.26394643201,
                    -9977.2851837233229
                  ],
                  [
                    -50.996763618713331,
                    -94.129339270319107,
                    -494.37343720710322,
                    -1262.5788822656721,
                    -3474.163236039914,
                    -9977.2851837233229,
                    134539.96535800296
                  ]
                  ]
            z-obs:
              &S13 NcmVector:
                values: [
                  0.10000000000000001,
                  0.20000000000000001,
                  0.30000000000000004,
                  0.40000000000000002,
                  0.5,
                  0.59999999999999998,
                  0.70000000000000007,
                  0.80000000000000004
                  ]
            lnM-obs:
              &S14 NcmVector:
                values: [
                  32.236191301916641,
                  34.538776394910691
                  ]
            cluster-abundance:
              &S15 NcClusterAbundance:
                halo-mass-function:
                  &S16 NcHaloMassFunction:
                    distance:
                      &S17 NcDistance:
                        zf: 2.0
                        compute-inv-comoving: false
                    powerspectrum-filtered:
                      &S18 NcmPowspecFilter:
                        type: 0
                        lnr0: 2.3025850929940468
                        zi: 0.0
                        zf: 5.0
                        reltol: 0.001
                        reltol-z: 9.9999999999999995e-07
                        powerspectrum:
                          &S19 NcPowspecMLTransfer:
                            reltol: 1.4901161193847656e-08
                            zi: 0.0
                            zf: 5.0
                            kmin: 1e-08
                            kmax: 1000000.0
                            transfer:
                              &S20 NcTransferFuncEH:
                                CCL-comp: false
                            growth:
                              &S21 NcGrowthFunc:
                                reltol: 1e-13
                                abstol: 0.0
                                x-i: 1000000000000.0
                    multiplicity:
                      &S22 NcMultiplicityFuncTinker:
                        mass-def: 1
                        Delta: 200.0
                    area: 0.90139340689084935
                    prec: 9.9999999999999995e-07
                    lnMi: 32.236191301916641
                    lnMf: 36.841361487904734
                    zi: 0.0
                    zf: 2.0
                    mf-lb: 1.0000000000000001e-30
                mean-bias:
                  &S23 NcHaloBiasTinker:
                    mass-function:
                      NcHaloMassFunction: *S16
                    critical-delta: 1.6859999999999999
                    B: 0.183
                    b: 1.5
                    c: 2.3999999999999999
            has-ssc: true
            s-matrix:
              &S24 NcmMatrix:
                values: [
                  [
                    0.00015855003622850661,
                    -2.1273615946068148e-05,
                    -4.1817105632603885e-06,
                    -1.1339185443072491e-06,
                    -5.0163422202054514e-07,
                    -2.4906129438271274e-07,
                    -1.2444741755036326e-07
                  ],
                  [
                    -2.1273615946068148e-05,
                    5.0118449589861288e-05,
                    -8.4323389426973611e-06,
                    -1.8441640980561943e-06,
                    -6.9391082866683075e-07,
                    -2.8438549683413755e-07,
                    -7.4827214470404294e-08
                  ],
                  [
                    -4.1817105632603885e-06,
                    -8.4323389426973611e-06,
                    2.1534866738770512e-05,
                    -4.4270038619952591e-06,
                    -1.1139279316468041e-06,
                    -4.5237338056849018e-07,
                    -1.9952955477737172e-07
                  ],
                  [
                    -1.1339185443072491e-06,
                    -1.8441640980561943e-06,
                    -4.4270038619952591e-06,
                    1.3268045001342705e-05,
                    -2.8434542807336539e-06,
                    -8.3207946507996583e-07,
                    -3.2544460000905975e-07
                  ],
                  [
                    -5.0163422202054514e-07,
                    -6.9391082866683075e-07,
                    -1.1139279316468041e-06,
                    -2.8434542807336539e-06,
                    9.0242909998730887e-06,
                    -1.9560575759288196e-06,
                    -6.5136611134957708e-07
                  ],
                  [
                    -2.4906129438271274e-07,
                    -2.8438549683413755e-07,
                    -4.5237338056849018e-07,
                    -8.3207946507996583e-07,
                    -1.9560575759288196e-06,
                    6.9461111123052325e-06,
                    -1.4744233653483586e-06
                  ],
                  [
                    -1.2444741755036326e-07,
                    -7.4827214470404294e-08,
                    -1.9952955477737172e-07,
                    -3.2544460000905975e-07,
                    -6.5136611134957708e-07,
                    -1.4744233653483586e-06,
                    5.2705276132159221e-06
                  ]
                  ]
            resample-s-matrix:
              NcmMatrix: *S24
            fix-cov: false
    priors-m2lnL: []
    priors-f: []
