model-set:
  &S0 NcmMSet:
    valid-map: true
    model-array:
    - &S1 NcHICosmoDEXcdm:
        sparam-array: {}
        reparam:
          &S2 NcHICosmoDEReparamOk:
            length: 8
            params-desc:
              2:
                &S3 NcmSParam:
                  name: 'Omegak'
                  symbol: '\\Omega_{k0}'
                  lower-bound: -0.29999999999999999
                  upper-bound: 0.29999999999999999
                  scale: 0.01
                  absolute-tolerance: 0.0
                  default-value: 0.0
                  fit-type: 1
            compat-type: 'NcHICosmoDE'
        submodel-array:
        - &S4 NcHIReionCamb:
            sparam-array: {}
            submodel-array: []
            prec: 9.9999999999999995e-08
            HII-HeII-reion-delta: 0.5
            HeIII-reion-delta: 0.5
            HII-HeII-reion-exponent: 1.5
            HeII-reionized: true
            z-re: 13.0
            z-He-re: 3.5
            z-re-fit: false
            z-He-re-fit: false
        - &S5 NcHIPrimPowerLaw:
            sparam-array: {}
            submodel-array: []
            k-pivot: 0.050000000000000003
            ln10e10ASA: 3.0274496981616061
            T-SA-ratio: 0.20000000000000001
            n-SA: 0.97419999999999995
            n-T: 0.0
            ln10e10ASA-fit: true
            T-SA-ratio-fit: false
            n-SA-fit: false
            n-T-fit: false
        H0: 67.810000000000002
        Omegac: 0.26119999999999999
        Omegax: 0.69010914771956156
        Tgamma0: 2.7244999999999999
        Yp: 0.23999999999999999
        ENnu: 3.0459999999999998
        Omegab: 0.048599999999999997
        massnu-length: 0
        Tnu-length: 0
        munu-length: 0
        gnu-length: 0
        H0-fit: false
        Omegac-fit: true
        Omegax-fit: false
        Tgamma0-fit: false
        Yp-fit: false
        ENnu-fit: false
        Omegab-fit: false
        massnu-fit: []
        Tnu-fit: []
        munu-fit: []
        gnu-fit: []
        w: -1.0
        w-fit: true
    - &S6 NcClusterMassNodist:
        sparam-array: {}
        submodel-array: []
        lnM-min: 32.236191301916641
        lnM-max: 36.841361487904734
    - &S7 NcClusterRedshiftNodist:
        sparam-array: {}
        submodel-array: []
        z-min: 0.0
        z-max: 2.0
    fmap: [
      'NcHICosmo:Omegac',
      'NcHICosmo:w',
      'NcHIPrim:ln10e10ASA'
      ]
likelihood:
  &S8 NcmLikelihood:
    dataset:
      &S9 NcmDataset:
        bootstrap-type: 0
        data-array:
        - &S10 NcDataClusterNCountsGauss:
            desc: 'NcDataClusterNCountsGauss'
            long-desc: ''
            init: true
            n-points: 7
            use-norma: true
            mean:
              &S11 NcmVector:
                values: [
                  3836.0292377886626,
                  11317.963589355481,
                  18690.781160123875,
                  22881.148460849563,
                  24442.277336254076,
                  23875.697598521274,
                  21306.556414402512
                  ]
            cov:
              &S12 NcmMatrix:
                values: [
                  [
                    5719.1656818550682,
                    -654.93792855356105,
                    -232.96884143576204,
                    -87.29235246605117,
                    -45.513953045967412,
                    -24.011781780843588,
                    -11.843280777123638
                  ],
                  [
                    -654.93792855356105,
                    15950.781509110286,
                    -1410.3109030416244,
                    -426.20333245609987,
                    -189.00966115771931,
                    -82.309228278549369,
                    -21.378077814332272
                  ],
                  [
                    -232.96884143576204,
                    -1410.3109030416244,
                    25084.497047396533,
                    -1851.4509964411805,
                    -549.06337527957021,
                    -236.93169952885245,
                    -103.15762894402188
                  ],
                  [
                    -87.29235246605117,
                    -426.20333245609987,
                    -1851.4509964411805,
                    30803.384232428332,
                    -1936.6988776637363,
                    -602.20090254173647,
                    -232.49930413928311
                  ],
                  [
                    -45.513953045967412,
                    -189.00966115771931,
                    -549.06337527957021,
                    -1936.6988776637363,
                    31840.236971403909,
                    -1668.4811037063546,
                    -548.44465448218853
                  ],
                  [
                    -24.011781780843588,
                    -82.309228278549369,
                    -236.93169952885245,
                    -602.20090254173647,
                    -1668.4811037063546,
                    29928.733520695259,
                    -1319.1391188701241
                  ],
                  [
                    -11.843280777123638,
                    -21.378077814332272,
                    -103.15762894402188,
                    -232.49930413928311,
                    -548.44465448218853,
                    -1319.1391188701241,
                    25817.425273949499
                  ]
                  ]
            z-obs:
              &S13 NcmVector:
                values: [
                  0.10000000000000001,
                  0.20000000000000001,
                  0.30000000000000004,
                  0.40000000000000002,
                  0.5,
                  0.59999999999999998,
                  0.70000000000000007,
                  0.80000000000000004
                  ]
            lnM-obs:
              &S14 NcmVector:
                values: [
                  32.236191301916641,
                  34.538776394910691
                  ]
            cluster-abundance:
              &S15 NcClusterAbundance:
                halo-mass-function:
                  &S16 NcHaloMassFunction:
                    distance:
                      &S17 NcDistance:
                        zf: 2.0
                        compute-inv-comoving: false
                    powerspectrum-filtered:
                      &S18 NcmPowspecFilter:
                        type: 0
                        lnr0: 2.3025850929940468
                        zi: 0.0
                        zf: 5.0
                        reltol: 0.001
                        reltol-z: 9.9999999999999995e-07
                        powerspectrum:
                          &S19 NcPowspecMLTransfer:
                            reltol: 1.4901161193847656e-08
                            zi: 0.0
                            zf: 5.0
                            kmin: 1e-08
                            kmax: 1000000.0
                            transfer:
                              &S20 NcTransferFuncEH:
                                CCL-comp: false
                            growth:
                              &S21 NcGrowthFunc:
                                reltol: 1e-13
                                abstol: 0.0
                                x-i: 1000000000000.0
                    multiplicity:
                      &S22 NcMultiplicityFuncTinker:
                        mass-def: 1
                        Delta: 200.0
                    area: 0.90139340689084935
                    prec: 9.9999999999999995e-07
                    lnMi: 32.236191301916641
                    lnMf: 36.841361487904734
                    zi: 0.0
                    zf: 2.0
                    mf-lb: 1.0000000000000001e-30
                mean-bias:
                  &S23 NcHaloBiasTinker:
                    mass-function:
                      NcHaloMassFunction: *S16
                    critical-delta: 1.6859999999999999
                    B: 0.183
                    b: 1.5
                    c: 2.3999999999999999
            has-ssc: true
            s-matrix:
              &S24 NcmMatrix:
                values: [
                  [
                    2.1457414060160143e-05,
                    -2.8790708395280529e-06,
                    -5.6593298349237999e-07,
                    -1.5345918736106885e-07,
                    -6.788880951832842e-08,
                    -3.3706780818561829e-08,
                    -1.6842126502243375e-08
                  ],
                  [
                    -2.8790708395280529e-06,
                    6.7827945706237738e-06,
                    -1.1411929791570662e-06,
                    -2.4958047054522743e-07,
                    -9.3910618538578042e-08,
                    -3.8487391762432879e-08,
                    -1.0126762264159052e-08
                  ],
                  [
                    -5.6593298349237999e-07,
                    -1.1411929791570662e-06,
                    2.9144272895542168e-06,
                    -5.9912982155270666e-07,
                    -1.5075375213459446e-07,
                    -6.122207958794055e-08,
                    -2.7003388809870741e-08
                  ],
                  [
                    -1.5345918736106885e-07,
                    -2.4958047054522743e-07,
                    -5.9912982155270666e-07,
                    1.7956346282528383e-06,
                    -3.8481969045344788e-07,
                    -1.1260971008196637e-07,
                    -4.4044137120052251e-08
                  ],
                  [
                    -6.788880951832842e-08,
                    -9.3910618538578042e-08,
                    -1.5075375213459446e-07,
                    -3.8481969045344788e-07,
                    1.2213049784774396e-06,
                    -2.6472360606544892e-07,
                    -8.8152817170226061e-08
                  ],
                  [
                    -3.3706780818561829e-08,
                    -3.8487391762432879e-08,
                    -6.122207958794055e-08,
                    -1.1260971008196637e-07,
                    -2.6472360606544892e-07,
                    9.4005391477681139e-07,
                    -1.9954150376009973e-07
                  ],
                  [
                    -1.6842126502243375e-08,
                    -1.0126762264159052e-08,
                    -2.7003388809870741e-08,
                    -4.4044137120052251e-08,
                    -8.8152817170226061e-08,
                    -1.9954150376009973e-07,
                    7.1328834734096506e-07
                  ]
                  ]
            resample-s-matrix:
              NcmMatrix: *S24
            fix-cov: false
    priors-m2lnL: []
    priors-f: []
