model-set:
  &S0 NcmMSet:
    valid-map: true
    model-array:
    - &S1 NcHICosmoDEXcdm:
        sparam-array: {}
        reparam:
          &S2 NcHICosmoDEReparamOk:
            length: 8
            params-desc:
              2:
                &S3 NcmSParam:
                  name: 'Omegak'
                  symbol: '\\Omega_{k0}'
                  lower-bound: -0.29999999999999999
                  upper-bound: 0.29999999999999999
                  scale: 0.01
                  absolute-tolerance: 0.0
                  default-value: 0.0
                  fit-type: 1
            compat-type: 'NcHICosmoDE'
        submodel-array:
        - &S4 NcHIReionCamb:
            sparam-array: {}
            submodel-array: []
            prec: 9.9999999999999995e-08
            HII-HeII-reion-delta: 0.5
            HeIII-reion-delta: 0.5
            HII-HeII-reion-exponent: 1.5
            HeII-reionized: true
            z-re: 13.0
            z-He-re: 3.5
            z-re-fit: false
            z-He-re-fit: false
        - &S5 NcHIPrimPowerLaw:
            sparam-array: {}
            submodel-array: []
            k-pivot: 0.050000000000000003
            ln10e10ASA: 3.0274496981616061
            T-SA-ratio: 0.20000000000000001
            n-SA: 0.97419999999999995
            n-T: 0.0
            ln10e10ASA-fit: true
            T-SA-ratio-fit: false
            n-SA-fit: false
            n-T-fit: false
        H0: 67.810000000000002
        Omegac: 0.26119999999999999
        Omegax: 0.69010914771956156
        Tgamma0: 2.7244999999999999
        Yp: 0.23999999999999999
        ENnu: 3.0459999999999998
        Omegab: 0.048599999999999997
        massnu-length: 0
        Tnu-length: 0
        munu-length: 0
        gnu-length: 0
        H0-fit: false
        Omegac-fit: true
        Omegax-fit: false
        Tgamma0-fit: false
        Yp-fit: false
        ENnu-fit: false
        Omegab-fit: false
        massnu-fit: []
        Tnu-fit: []
        munu-fit: []
        gnu-fit: []
        w: -1.0
        w-fit: true
    - &S6 NcClusterMassNodist:
        sparam-array: {}
        submodel-array: []
        lnM-min: 32.236191301916641
        lnM-max: 36.841361487904734
    - &S7 NcClusterRedshiftNodist:
        sparam-array: {}
        submodel-array: []
        z-min: 0.0
        z-max: 2.0
    fmap: [
      'NcHICosmo:Omegac',
      'NcHICosmo:w',
      'NcHIPrim:ln10e10ASA'
      ]
likelihood:
  &S8 NcmLikelihood:
    dataset:
      &S9 NcmDataset:
        bootstrap-type: 0
        data-array:
        - &S10 NcDataClusterNCountsGauss:
            desc: 'NcDataClusterNCountsGauss'
            long-desc: ''
            init: true
            n-points: 7
            use-norma: true
            mean:
              &S11 NcmVector:
                values: [
                  12416.616762538537,
                  26439.084914454539,
                  39660.564151574203,
                  50213.519913768447,
                  57116.71355006619,
                  61581.61247987012,
                  63269.812329267843
                  ]
            cov:
              &S12 NcmMatrix:
                values: [
                  [
                    13964.214636737204,
                    -522.15283202615228,
                    -124.97817575692464,
                    -13.592376113774201,
                    -20.446818231831035,
                    -19.70870155654023,
                    -82.702304140515579
                  ],
                  [
                    -522.15283202615228,
                    29570.143949432866,
                    -924.38243861280773,
                    -216.81918568587648,
                    -67.712819858007833,
                    -50.379020168463548,
                    19.233921759282527
                  ],
                  [
                    -124.97817575692464,
                    -924.38243861280773,
                    43873.662941066999,
                    -1236.4824393148126,
                    -346.37531153682806,
                    -109.96122510516263,
                    -40.254237528325902
                  ],
                  [
                    -13.592376113774201,
                    -216.81918568587648,
                    -1236.4824393148126,
                    55005.843014503276,
                    -1508.0521547438075,
                    -282.2275658269773,
                    -157.43065422194965
                  ],
                  [
                    -20.446818231831035,
                    -67.712819858007833,
                    -346.37531153682806,
                    -1508.0521547438075,
                    62619.475474838997,
                    -1629.0439455336093,
                    -364.03225027817348
                  ],
                  [
                    -19.70870155654023,
                    -50.379020168463548,
                    -109.96122510516263,
                    -282.2275658269773,
                    -1629.0439455336093,
                    67292.436889125252,
                    -1609.8758560359383
                  ],
                  [
                    -82.702304140515579,
                    19.233921759282527,
                    -40.254237528325902,
                    -157.43065422194965,
                    -364.03225027817348,
                    -1609.8758560359383,
                    68663.131270912592
                  ]
                  ]
            z-obs:
              &S13 NcmVector:
                values: [
                  0.10000000000000001,
                  0.20000000000000001,
                  0.30000000000000004,
                  0.40000000000000002,
                  0.5,
                  0.59999999999999998,
                  0.70000000000000007,
                  0.80000000000000004
                  ]
            lnM-obs:
              &S14 NcmVector:
                values: [
                  32.236191301916641,
                  34.538776394910691
                  ]
            cluster-abundance:
              &S15 NcClusterAbundance:
                halo-mass-function:
                  &S16 NcHaloMassFunction:
                    distance:
                      &S17 NcDistance:
                        zf: 2.0
                        compute-inv-comoving: false
                    powerspectrum-filtered:
                      &S18 NcmPowspecFilter:
                        type: 0
                        lnr0: 2.3025850929940468
                        zi: 0.0
                        zf: 5.0
                        reltol: 0.001
                        reltol-z: 9.9999999999999995e-07
                        powerspectrum:
                          &S19 NcPowspecMLTransfer:
                            reltol: 1.4901161193847656e-08
                            zi: 0.0
                            zf: 5.0
                            kmin: 1e-08
                            kmax: 1000000.0
                            transfer:
                              &S20 NcTransferFuncEH:
                                CCL-comp: false
                            growth:
                              &S21 NcGrowthFunc:
                                reltol: 1e-13
                                abstol: 0.0
                                x-i: 1000000000000.0
                    multiplicity:
                      &S22 NcMultiplicityFuncTinker:
                        mass-def: 1
                        Delta: 200.0
                    area: 0.90139340689084935
                    prec: 9.9999999999999995e-07
                    lnMi: 32.236191301916641
                    lnMf: 36.841361487904734
                    zi: 0.0
                    zf: 2.0
                    mf-lb: 1.0000000000000001e-30
                mean-bias:
                  &S23 NcHaloBiasTinker:
                    mass-function:
                      NcHaloMassFunction: *S16
                    critical-delta: 1.6859999999999999
                    B: 0.183
                    b: 1.5
                    c: 2.3999999999999999
            has-ssc: true
            s-matrix:
              &S24 NcmMatrix:
                values: [
                  [
                    8.2666093821793407e-06,
                    -1.109419883589411e-06,
                    -1.6208815627636978e-07,
                    -1.2779923320410556e-08,
                    -1.5442948329111576e-08,
                    -1.2805443560210358e-08,
                    -4.8568041113577118e-08
                  ],
                  [
                    -1.109419883589411e-06,
                    3.0851419665943773e-06,
                    -5.1744504347609714e-07,
                    -8.7988521004308847e-08,
                    -2.2073480959529768e-08,
                    -1.4128035378924544e-08,
                    4.8752429971078179e-09
                  ],
                  [
                    -1.6208815627636978e-07,
                    -5.1744504347609714e-07,
                    1.5084688903448331e-06,
                    -3.0629157792880564e-07,
                    -6.8923234331149969e-08,
                    -1.8823068410988933e-08,
                    -6.2281465149870039e-09
                  ],
                  [
                    -1.2779923320410556e-08,
                    -8.7988521004308847e-08,
                    -3.0629157792880564e-07,
                    8.8604740813691408e-07,
                    -2.1754587105492002e-07,
                    -3.5024024220333417e-08,
                    -1.7658437785528325e-08
                  ],
                  [
                    -1.5442948329111576e-08,
                    -2.2073480959529768e-08,
                    -6.8923234331149969e-08,
                    -2.1754587105492002e-07,
                    5.9880792265902968e-07,
                    -1.6239439366699317e-07,
                    -3.2800046324517312e-08
                  ],
                  [
                    -1.2805443560210358e-08,
                    -1.4128035378924544e-08,
                    -1.8823068410988933e-08,
                    -3.5024024220333417e-08,
                    -1.6239439366699317e-07,
                    4.8020357298744688e-07,
                    -1.2478406091273747e-07
                  ],
                  [
                    -4.8568041113577118e-08,
                    4.8752429971078179e-09,
                    -6.2281465149870039e-09,
                    -1.7658437785528325e-08,
                    -3.2800046324517312e-08,
                    -1.2478406091273747e-07,
                    3.8261504686211193e-07
                  ]
                  ]
            resample-s-matrix:
              NcmMatrix: *S24
            fix-cov: false
    priors-m2lnL: []
    priors-f: []
