{
 "cells": [
  {
   "cell_type": "markdown",
   "metadata": {},
   "source": [
    "---\n",
    "**License**\n",
    "\n",
    " TestInterp\n",
    "\n",
    " Mon Jan 25 20:56:00 2020\\\n",
    " Copyright  2021\\\n",
    " Eduardo ...\\\n",
    " Sandro Dias Pinto Vitenti <vitenti@uel.br>\n",
    "\n",
    "---\n",
    "---\n",
    "\n",
    " TestInterp\\\n",
    " Copyright (C) 2021 Eduardo ...\\\n",
    " Copyright (C) 2021 Sandro Dias Pinto Vitenti <vitenti@uel.br>\n",
    "\n",
    "\n",
    " numcosmo is free software: you can redistribute it and/or modify it\n",
    " under the terms of the GNU General Public License as published by the\n",
    " Free Software Foundation, either version 3 of the License, or\n",
    " (at your option) any later version.\n",
    "\n",
    " numcosmo is distributed in the hope that it will be useful, but\n",
    " WITHOUT ANY WARRANTY; without even the implied warranty of\n",
    " MERCHANTABILITY or FITNESS FOR A PARTICULAR PURPOSE.\n",
    " See the GNU General Public License for more details.\n",
    "\n",
    " You should have received a copy of the GNU General Public License along\n",
    " with this program.  If not, see <http://www.gnu.org/licenses/>.\n",
    " \n",
    "---"
   ]
  },
  {
   "cell_type": "code",
   "execution_count": 1,
   "metadata": {},
   "outputs": [],
   "source": [
    "try:\n",
    "  import gi\n",
    "  gi.require_version('NumCosmo', '1.0')\n",
    "  gi.require_version('NumCosmoMath', '1.0')\n",
    "except:\n",
    "  pass\n",
    "\n",
    "import sys\n",
    "import math\n",
    "import matplotlib as mpl\n",
    "import matplotlib.pyplot as plt\n",
    "import numpy as np\n",
    "import scipy.stats\n",
    "from scipy.optimize import minimize\n",
    "\n",
    "from gi.repository import NumCosmo as Nc\n",
    "from gi.repository import NumCosmoMath as Ncm\n",
    "%matplotlib inline"
   ]
  },
  {
   "cell_type": "code",
   "execution_count": 2,
   "metadata": {},
   "outputs": [],
   "source": [
    "__name__ = \"NcContext\"\n",
    "\n",
    "Ncm.cfg_init ()\n",
    "Ncm.cfg_set_log_handler (lambda msg: sys.stdout.write (msg) and sys.stdout.flush ())"
   ]
  },
  {
   "cell_type": "code",
   "execution_count": 3,
   "metadata": {},
   "outputs": [
    {
     "name": "stdout",
     "output_type": "stream",
     "text": [
      "[ 0.69646919  0.28613933  0.22685145  0.55131477  0.71946897]\n"
     ]
    }
   ],
   "source": [
    "    dim = 5\n",
    "    np.random.seed(seed=123)\n",
    "\n",
    "    p = np.random.random_sample((dim,))\n",
    "    print (p)"
   ]
  },
  {
   "cell_type": "code",
   "execution_count": 4,
   "metadata": {},
   "outputs": [
    {
     "name": "stdout",
     "output_type": "stream",
     "text": [
      "#----------------------------------------------------------------------------------\n",
      "# Model[00000]:\n",
      "#   - NcmModelMVND : MVND\n",
      "#----------------------------------------------------------------------------------\n",
      "# Model parameters\n",
      "#   - mu_0[00]:  0.696469185597862   [FREE]\n",
      "#   - mu_1[01]:  0.286139334950379   [FREE]\n",
      "#   - mu_2[02]:  0.226851453564203   [FREE]\n",
      "#   - mu_3[03]:  0.551314769082891   [FREE]\n",
      "#   - mu_4[04]:  0.719468969785563   [FREE]\n"
     ]
    }
   ],
   "source": [
    "rng = Ncm.RNG.seeded_new (None, 123)\n",
    "\n",
    "fmodel = Ncm.ModelMVND.new (dim)\n",
    "fdata = Ncm.DataGaussCovMVND.new_full (dim, 0.1, 0.4, 10.0, -1.0, 1.0, rng)\n",
    "\n",
    "fdata.props.use_norma = True\n",
    "\n",
    "mset = Ncm.MSet.new_array ([fmodel])\n",
    "mset.param_set_all_ftype (Ncm.ParamType.FREE)\n",
    "mset.prepare_fparam_map ()\n",
    "\n",
    "mset.fparams_set_array (p)\n",
    "mset.pretty_log ()"
   ]
  },
  {
   "cell_type": "code",
   "execution_count": 5,
   "metadata": {},
   "outputs": [
    {
     "data": {
      "text/plain": [
       "-4.498559747474191"
      ]
     },
     "execution_count": 5,
     "metadata": {},
     "output_type": "execute_result"
    }
   ],
   "source": [
    "y_a = []\n",
    "x_a = []\n",
    "xn_a = []\n",
    "\n",
    "interp = Ncm.StatsDistNdVBKStudentt.new (len (p), Ncm.StatsDistNdCV.NONE, 3.0)\n",
    "#interp = Ncm.StatsDistNdKDEGauss.new (len (p), Ncm.StatsDistNdCV.NONE)\n",
    "nps = 500\n",
    "\n",
    "for a in range (nps):\n",
    "    v, N = fdata.gen (mset, None, None, rng)\n",
    "    interp.add_obs (v)\n",
    "    y_a.append (fdata.m2lnL_val (mset))\n",
    "    x_a.append (v.dup_array ())\n",
    "\n",
    "for a in range (nps):\n",
    "    v, N = fdata.gen (mset, None, None, rng)\n",
    "    xn_a.append (v.dup_array ())\n",
    "\n",
    "y_a = np.array (y_a)\n",
    "x_a = np.array (x_a)\n",
    "xn_a = np.array (xn_a)\n",
    "\n",
    "fdata.y.set_array (p)\n",
    "\n",
    "fdata.m2lnL_val (mset)"
   ]
  },
  {
   "cell_type": "code",
   "execution_count": 6,
   "metadata": {},
   "outputs": [
    {
     "name": "stdout",
     "output_type": "stream",
     "text": [
      "COV:      0.020923    0.0057791   -0.0099936   -0.0030409   0.00081133\n",
      "COV:     0.0057791    0.0084686    -0.008556    0.0018166  -0.00025798\n",
      "COV:    -0.0099936    -0.008556      0.05183   -0.0015818   -0.0073048\n",
      "COV:    -0.0030409    0.0018166   -0.0015818     0.019017    -0.001493\n",
      "COV:    0.00081133  -0.00025798   -0.0073048    -0.001493     0.040621\n",
      "COV:      0.021262    0.0029556   -0.0054887  -0.00059459    0.0060295\n",
      "COV:     0.0029556    0.0086127   -0.0037728    0.0037174   -0.0028507\n",
      "COV:    -0.0054887   -0.0037728     0.056121    -0.015949    0.0069678\n",
      "COV:   -0.00059459    0.0037174    -0.015949     0.039064    -0.007035\n",
      "COV:     0.0060295   -0.0028507    0.0069678    -0.007035     0.037024\n",
      "COV:      0.038062     0.011776    -0.013181    0.0039335     0.017941\n",
      "COV:      0.011776     0.012809   -0.0091107    0.0024079    0.0014006\n",
      "COV:     -0.013181   -0.0091107     0.055648    0.0063993   -0.0071534\n",
      "COV:     0.0039335    0.0024079    0.0063993     0.016663   -0.0020553\n",
      "COV:      0.017941    0.0014006   -0.0071534   -0.0020553     0.041641\n",
      "COV:      0.029835    0.0034951   -0.0080569    0.0017415     0.022179\n",
      "COV:     0.0034951    0.0090807   -0.0019653   0.00073539   -0.0028119\n",
      "COV:    -0.0080569   -0.0019653     0.033189    0.0069936    -0.011404\n",
      "COV:     0.0017415   0.00073539    0.0069936     0.015172   -0.0016951\n",
      "COV:      0.022179   -0.0028119    -0.011404   -0.0016951      0.05605\n",
      "COV:      0.045545    0.0096169   0.00024221    0.0038161     0.011535\n",
      "COV:     0.0096169     0.025553   -0.0090148     0.012307   -0.0013364\n",
      "COV:    0.00024221   -0.0090148     0.075832   -0.0056727  -3.8783e-05\n",
      "COV:     0.0038161     0.012307   -0.0056727     0.039718    0.0026055\n",
      "COV:      0.011535   -0.0013364  -3.8783e-05    0.0026055     0.057892\n",
      "COV:      0.056305     0.016471      0.01057     0.015059      0.03831\n",
      "COV:      0.016471     0.025237   -0.0015203     0.016535    0.0042659\n",
      "COV:       0.01057   -0.0015203     0.087638     0.011345    0.0041623\n",
      "COV:      0.015059     0.016535     0.011345     0.044021    0.0083653\n",
      "COV:       0.03831    0.0042659    0.0041623    0.0083653        0.102\n",
      "COV:      0.051736     0.015362   -0.0027207    0.0022702     0.018901\n",
      "COV:      0.015362       0.0262   -0.0079443     0.018152   -0.0016749\n",
      "COV:    -0.0027207   -0.0079443     0.084677    -0.016739   -0.0070263\n",
      "COV:     0.0022702     0.018152    -0.016739     0.069304    -0.013083\n",
      "COV:      0.018901   -0.0016749   -0.0070263    -0.013083      0.08037\n",
      "COV:      0.023656    0.0033874    0.0015516   0.00041816      0.00236\n",
      "COV:     0.0033874     0.010872    0.0019909    0.0023591    -0.004375\n",
      "COV:     0.0015516    0.0019909      0.03445   0.00070342    0.0044418\n",
      "COV:    0.00041816    0.0023591   0.00070342     0.023407   -0.0031235\n",
      "COV:       0.00236    -0.004375    0.0044418   -0.0031235     0.031721\n",
      "COV:      0.058726     0.012505    0.0096036    0.0030622     0.031911\n",
      "COV:      0.012505     0.017701   -0.0048737     0.010919    0.0011419\n",
      "COV:     0.0096036   -0.0048737     0.081922     0.012276    0.0041077\n",
      "COV:     0.0030622     0.010919     0.012276     0.037556   -0.0010538\n",
      "COV:      0.031911    0.0011419    0.0041077   -0.0010538     0.084805\n",
      "COV:       0.02084     0.002532  -0.00021118   -0.0010417    0.0033102\n",
      "COV:      0.002532     0.009647   -0.0024494     0.002146   -0.0036622\n",
      "COV:   -0.00021118   -0.0024494     0.039422   -0.0038088    0.0056512\n",
      "COV:    -0.0010417     0.002146   -0.0038088     0.020889   -0.0045667\n",
      "COV:     0.0033102   -0.0036622    0.0056512   -0.0045667     0.036176\n",
      "COV:      0.031406    0.0053663     0.003388    0.0042299    0.0051552\n",
      "COV:     0.0053663     0.010744   -0.0032526    0.0063151   -0.0032772\n",
      "COV:      0.003388   -0.0032526     0.044859   -0.0051171  -0.00087501\n",
      "COV:     0.0042299    0.0063151   -0.0051171     0.025655     0.004664\n",
      "COV:     0.0051552   -0.0032772  -0.00087501     0.004664     0.039174\n",
      "COV:       0.03076    0.0045905     0.001172  -0.00010356    0.0038014\n",
      "COV:     0.0045905     0.012496   -0.0074645    0.0024371   0.00081384\n",
      "COV:      0.001172   -0.0074645     0.066751    -0.013673   0.00013344\n",
      "COV:   -0.00010356    0.0024371    -0.013673     0.023105    0.0095822\n",
      "COV:     0.0038014   0.00081384   0.00013344    0.0095822     0.042554\n",
      "COV:      0.025854    0.0051719  -8.4818e-05     0.004556    0.0046468\n",
      "COV:     0.0051719     0.014587   0.00029832    0.0068716   -0.0037249\n",
      "COV:   -8.4818e-05   0.00029832     0.040642    0.0023171   -0.0015552\n",
      "COV:      0.004556    0.0068716    0.0023171     0.030329   -0.0072142\n",
      "COV:     0.0046468   -0.0037249   -0.0015552   -0.0072142     0.046227\n",
      "COV:      0.044147    0.0024579    0.0041084   -0.0020973     0.015174\n",
      "COV:     0.0024579    0.0089458   -0.0029426    0.0035238  -0.00037991\n",
      "COV:     0.0041084   -0.0029426      0.06175  -6.9006e-05    -0.006445\n",
      "COV:    -0.0020973    0.0035238  -6.9006e-05      0.02197   -0.0033754\n",
      "COV:      0.015174  -0.00037991    -0.006445   -0.0033754     0.043495\n",
      "COV:      0.026484    0.0049995   -0.0033204    0.0042925    0.0012863\n",
      "COV:     0.0049995     0.012818    0.0015688    0.0017572    0.0018573\n",
      "COV:    -0.0033204    0.0015688     0.049994   0.00095698    0.0020945\n",
      "COV:     0.0042925    0.0017572   0.00095698     0.024709    -0.001682\n",
      "COV:     0.0012863    0.0018573    0.0020945    -0.001682     0.035155\n",
      "COV:      0.035418    0.0068785  -0.00070379   -0.0033745    0.0075903\n",
      "COV:     0.0068785     0.015507    -0.005671    0.0053537   -0.0010249\n",
      "COV:   -0.00070379    -0.005671     0.061018   -0.0072803    0.0018744\n",
      "COV:    -0.0033745    0.0053537   -0.0072803     0.027294   -0.0014108\n",
      "COV:     0.0075903   -0.0010249    0.0018744   -0.0014108     0.043604\n",
      "COV:       0.06323     0.015151    0.0066333     0.003916     0.031968\n",
      "COV:      0.015151     0.028651    -0.023317     0.009423   -0.0079307\n",
      "COV:     0.0066333    -0.023317      0.10545    0.0030372     0.028162\n",
      "COV:      0.003916     0.009423    0.0030372     0.042914   -0.0089063\n",
      "COV:      0.031968   -0.0079307     0.028162   -0.0089063     0.076761\n",
      "COV:      0.027083    0.0069472   -0.0095941  -8.1419e-05  -0.00012702\n",
      "COV:     0.0069472      0.01389   -0.0041265    0.0032711   -0.0038692\n",
      "COV:    -0.0095941   -0.0041265     0.044681     0.003353   -0.0055802\n",
      "COV:   -8.1419e-05    0.0032711     0.003353     0.021426    0.0023514\n",
      "COV:   -0.00012702   -0.0038692   -0.0055802    0.0023514     0.043988\n",
      "COV:      0.026715    0.0032082  -0.00029081   -0.0036011     0.002488\n",
      "COV:     0.0032082     0.010428   -0.0016842    0.0037676  -0.00094241\n",
      "COV:   -0.00029081   -0.0016842      0.05365   -0.0027489   -0.0046819\n",
      "COV:    -0.0036011    0.0037676   -0.0027489     0.024311    0.0002549\n",
      "COV:      0.002488  -0.00094241   -0.0046819    0.0002549      0.04709\n",
      "COV:      0.028328    0.0058998      -0.0012    0.0011871     0.007832\n",
      "COV:     0.0058998     0.011917  -0.00040173    0.0044295   -0.0015372\n",
      "COV:       -0.0012  -0.00040173     0.037937    0.0014523   0.00025307\n",
      "COV:     0.0011871    0.0044295    0.0014523     0.018167   -0.0035952\n",
      "COV:      0.007832   -0.0015372   0.00025307   -0.0035952     0.035771\n",
      "COV:      0.025076    0.0043305   0.00044574   -0.0011997    0.0059556\n",
      "COV:     0.0043305    0.0093733  -0.00083367    0.0017904  -0.00064498\n",
      "COV:    0.00044574  -0.00083367     0.047013   -0.0001897  -0.00017239\n",
      "COV:    -0.0011997    0.0017904   -0.0001897     0.020609     0.002607\n",
      "COV:     0.0059556  -0.00064498  -0.00017239     0.002607     0.029111\n",
      "COV:      0.026276    0.0041677   -0.0040858  -0.00013579    0.0040585\n",
      "COV:     0.0041677    0.0099835   -0.0054885    0.0034828   -0.0036963\n",
      "COV:    -0.0040858   -0.0054885     0.040082   -0.0037647    0.0022869\n",
      "COV:   -0.00013579    0.0034828   -0.0037647     0.019405    0.0053131\n",
      "COV:     0.0040585   -0.0036963    0.0022869    0.0053131      0.03588\n",
      "COV:      0.022115    0.0055219  -0.00014432   0.00071513    0.0061862\n",
      "COV:     0.0055219     0.011612   -0.0015094     0.004405  -0.00094761\n",
      "COV:   -0.00014432   -0.0015094      0.04546   -0.0049552     0.005111\n",
      "COV:    0.00071513     0.004405   -0.0049552     0.024603   -0.0021564\n",
      "COV:     0.0061862  -0.00094761     0.005111   -0.0021564     0.034262\n",
      "COV:       0.04828  -6.1018e-05    0.0072592   -0.0088607     0.051469\n"
     ]
    },
    {
     "name": "stdout",
     "output_type": "stream",
     "text": [
      "COV:   -6.1018e-05     0.015771    -0.012541    0.0086566   -0.0098963\n",
      "COV:     0.0072592    -0.012541      0.08889    0.0024496     0.019791\n",
      "COV:    -0.0088607    0.0086566    0.0024496     0.029839    -0.025291\n",
      "COV:      0.051469   -0.0098963     0.019791    -0.025291      0.12016\n",
      "COV:      0.028617    0.0070235   -0.0012226    0.0037072    0.0096984\n",
      "COV:     0.0070235     0.013885   -0.0047569    0.0054281    0.0012597\n",
      "COV:    -0.0012226   -0.0047569     0.064255    -0.003712   -0.0036975\n",
      "COV:     0.0037072    0.0054281    -0.003712     0.033506    0.0026781\n",
      "COV:     0.0096984    0.0012597   -0.0036975    0.0026781     0.042577\n",
      "COV:      0.031572    0.0053863    -0.003851    0.0030989     0.010984\n",
      "COV:     0.0053863     0.014025   -0.0018215    0.0028651   -0.0030314\n",
      "COV:     -0.003851   -0.0018215     0.042694    0.0043482   -0.0054276\n",
      "COV:     0.0030989    0.0028651    0.0043482     0.023914    0.0011008\n",
      "COV:      0.010984   -0.0030314   -0.0054276    0.0011008     0.042974\n",
      "COV:      0.018867  -0.00039199   -0.0053255   -0.0077189   0.00030953\n",
      "COV:   -0.00039199    0.0065656    0.0012432     0.005012   0.00064359\n",
      "COV:    -0.0053255    0.0012432       0.0217    0.0085294    0.0054844\n",
      "COV:    -0.0077189     0.005012    0.0085294     0.025987    0.0027227\n",
      "COV:    0.00030953   0.00064359    0.0054844    0.0027227     0.023154\n",
      "COV:      0.031998    0.0090373    -0.011656  -0.00031893     0.010433\n",
      "COV:     0.0090373     0.015309   -0.0080628    0.0013086   -0.0030266\n",
      "COV:     -0.011656   -0.0080628      0.06085     0.014252   -0.0045117\n",
      "COV:   -0.00031893    0.0013086     0.014252     0.022859  -0.00032926\n",
      "COV:      0.010433   -0.0030266   -0.0045117  -0.00032926     0.049701\n",
      "COV:      0.022508    0.0058263   0.00016441     -0.00173    0.0023644\n",
      "COV:     0.0058263    0.0093994    0.0016127   0.00081038   0.00096581\n",
      "COV:    0.00016441    0.0016127     0.042419    0.0071029    0.0021328\n",
      "COV:      -0.00173   0.00081038    0.0071029     0.038705   0.00040831\n",
      "COV:     0.0023644   0.00096581    0.0021328   0.00040831     0.027566\n",
      "COV:      0.028558    0.0057929    -0.001088   -0.0019511    0.0037372\n",
      "COV:     0.0057929     0.010449   -0.0014989    0.0024144   0.00017103\n",
      "COV:     -0.001088   -0.0014989     0.042106    -0.001405   -0.0049226\n",
      "COV:    -0.0019511    0.0024144    -0.001405     0.021528   -0.0021454\n",
      "COV:     0.0037372   0.00017103   -0.0049226   -0.0021454     0.032388\n",
      "COV:      0.040206     0.001167    -0.012483     0.016481   -0.0047084\n",
      "COV:      0.001167    0.0085874    0.0022784    0.0026488  -8.8409e-05\n",
      "COV:     -0.012483    0.0022784     0.041948    0.0037194    -0.006948\n",
      "COV:      0.016481    0.0026488    0.0037194     0.032099    -0.013037\n",
      "COV:    -0.0047084  -8.8409e-05    -0.006948    -0.013037      0.03335\n",
      "COV:      0.042684    0.0042703    0.0033032   -0.0023479     0.016775\n",
      "COV:     0.0042703     0.012613  -5.7183e-05    0.0034606   -0.0021431\n",
      "COV:     0.0033032  -5.7183e-05     0.072064    0.0084546  -0.00077723\n",
      "COV:    -0.0023479    0.0034606    0.0084546     0.023191   -0.0039579\n",
      "COV:      0.016775   -0.0021431  -0.00077723   -0.0039579     0.050693\n",
      "COV:      0.032242    0.0040586   -0.0021133    0.0060657     0.020997\n",
      "COV:     0.0040586     0.018185   -0.0016331    0.0067521    0.0048648\n",
      "COV:    -0.0021133   -0.0016331     0.061272    0.0025499    -0.004858\n",
      "COV:     0.0060657    0.0067521    0.0025499     0.031835    0.0056857\n",
      "COV:      0.020997    0.0048648    -0.004858    0.0056857     0.068758\n",
      "COV:       0.01704     0.003184   -0.0074025    0.0032089    0.0017138\n",
      "COV:      0.003184     0.010192    -0.004622      0.00551    0.0028855\n",
      "COV:    -0.0074025    -0.004622     0.042499    -0.010014   -0.0022449\n",
      "COV:     0.0032089      0.00551    -0.010014      0.02146   -0.0038214\n",
      "COV:     0.0017138    0.0028855   -0.0022449   -0.0038214     0.032219\n",
      "COV:      0.054522     0.011112  -0.00081592   -1.266e-05     0.026851\n",
      "COV:      0.011112     0.018917    -0.013445    0.0045036    0.0025931\n",
      "COV:   -0.00081592    -0.013445      0.10256    0.0045919   -0.0060968\n",
      "COV:    -1.266e-05    0.0045036    0.0045919     0.027704   -0.0045461\n",
      "COV:      0.026851    0.0025931   -0.0060968   -0.0045461     0.062493\n",
      "COV:      0.058359     0.014943   -0.0061815     0.016076     0.020192\n",
      "COV:      0.014943      0.02718   -0.0066342      0.01501   -0.0034938\n",
      "COV:    -0.0061815   -0.0066342     0.073027    -0.011292   -0.0026394\n",
      "COV:      0.016076      0.01501    -0.011292     0.052019    0.0097338\n",
      "COV:      0.020192   -0.0034938   -0.0026394    0.0097338     0.068915\n",
      "COV:      0.027994    0.0034775   -0.0032464    0.0011316    0.0043603\n",
      "COV:     0.0034775     0.011659   -0.0024012    0.0055273   -0.0042545\n",
      "COV:    -0.0032464   -0.0024012     0.059517    0.0029528   -0.0031674\n",
      "COV:     0.0011316    0.0055273    0.0029528     0.030216   -0.0070157\n",
      "COV:     0.0043603   -0.0042545   -0.0031674   -0.0070157     0.038528\n",
      "COV:      0.034957    0.0077282    0.0054681   -0.0074327    0.0065221\n",
      "COV:     0.0077282     0.012669   0.00091582    0.0017377   0.00064373\n",
      "COV:     0.0054681   0.00091582     0.048804   0.00035458   -0.0063659\n",
      "COV:    -0.0074327    0.0017377   0.00035458     0.030979   -0.0039436\n",
      "COV:     0.0065221   0.00064373   -0.0063659   -0.0039436     0.053358\n",
      "COV:      0.030024    0.0056201   -0.0051109   -0.0050922     0.014879\n",
      "COV:     0.0056201     0.013724   -0.0018116    0.0013382   -0.0016252\n",
      "COV:    -0.0051109   -0.0018116     0.052344    0.0068535    0.0018999\n",
      "COV:    -0.0050922    0.0013382    0.0068535      0.02599   -0.0036132\n",
      "COV:      0.014879   -0.0016252    0.0018999   -0.0036132      0.04547\n",
      "COV:      0.054863     0.013477    0.0029629    0.0058826     0.015415\n",
      "COV:      0.013477     0.025013   -0.0015118     0.014668    0.0054461\n",
      "COV:     0.0029629   -0.0015118     0.061407   -0.0018473   0.00099539\n",
      "COV:     0.0058826     0.014668   -0.0018473     0.041309     0.010774\n",
      "COV:      0.015415    0.0054461   0.00099539     0.010774      0.05023\n",
      "COV:      0.024393    0.0021666    0.0018464  -0.00077556     0.006664\n",
      "COV:     0.0021666      0.01282   0.00091711    0.0027834    -0.003284\n",
      "COV:     0.0018464   0.00091711     0.038619  -0.00080739   8.8797e-05\n",
      "COV:   -0.00077556    0.0027834  -0.00080739     0.027085   0.00043403\n",
      "COV:      0.006664    -0.003284   8.8797e-05   0.00043403     0.036082\n",
      "COV:      0.038346     0.003504   0.00069576  -0.00025639     0.020652\n",
      "COV:      0.003504     0.010608  -0.00019645    0.0017176    0.0012771\n",
      "COV:    0.00069576  -0.00019645     0.052847    0.0018066    -0.014609\n",
      "COV:   -0.00025639    0.0017176    0.0018066      0.02171    0.0016107\n",
      "COV:      0.020652    0.0012771    -0.014609    0.0016107     0.052866\n",
      "COV:      0.057383     0.012344    -0.013401   -0.0077221     0.009889\n",
      "COV:      0.012344     0.026491    -0.013591    0.0058685   -0.0023785\n",
      "COV:     -0.013401    -0.013591     0.087672     0.002411    -0.010701\n",
      "COV:    -0.0077221    0.0058685     0.002411     0.051095   0.00035763\n",
      "COV:      0.009889   -0.0023785    -0.010701   0.00035763     0.051434\n",
      "COV:      0.022876    0.0026088    0.0022174  -0.00066224  -0.00017029\n",
      "COV:     0.0026088    0.0095182  -0.00043951    0.0025756  -0.00024122\n",
      "COV:     0.0022174  -0.00043951      0.03867   -0.0025245    1.929e-05\n",
      "COV:   -0.00066224    0.0025756   -0.0025245      0.01945   -0.0011812\n",
      "COV:   -0.00017029  -0.00024122    1.929e-05   -0.0011812     0.039697\n",
      "COV:      0.033322    0.0029395    0.0017584   -0.0015007    0.0066419\n",
      "COV:     0.0029395     0.010127  -0.00091629    0.0043667   -0.0022927\n",
      "COV:     0.0017584  -0.00091629     0.057688    0.0020113   -0.0024584\n",
      "COV:    -0.0015007    0.0043667    0.0020113     0.026424   -0.0023356\n",
      "COV:     0.0066419   -0.0022927   -0.0024584   -0.0023356     0.041739\n",
      "COV:      0.033943    0.0063302   0.00027108   -0.0065484    0.0055193\n",
      "COV:     0.0063302     0.010563   0.00075756    0.0019574   -0.0026675\n",
      "COV:    0.00027108   0.00075756     0.043633    0.0033298   -0.0005088\n",
      "COV:    -0.0065484    0.0019574    0.0033298     0.025715  -0.00070493\n",
      "COV:     0.0055193   -0.0026675   -0.0005088  -0.00070493     0.036871\n",
      "COV:       0.03743    0.0084495    -0.001935   -0.0080238     0.011875\n",
      "COV:     0.0084495     0.012093   -0.0035115   -0.0020867   0.00073963\n",
      "COV:     -0.001935   -0.0035115     0.032464    0.0051555   -0.0043863\n",
      "COV:    -0.0080238   -0.0020867    0.0051555     0.020535   -0.0023796\n",
      "COV:      0.011875   0.00073963   -0.0043863   -0.0023796     0.035461\n",
      "COV:      0.074245      0.01778   -0.0059095    -0.011302     0.045147\n",
      "COV:       0.01778     0.028434   -0.0055729     0.010364   0.00014626\n"
     ]
    },
    {
     "name": "stdout",
     "output_type": "stream",
     "text": [
      "COV:    -0.0059095   -0.0055729     0.099582    -0.004531   -0.0093704\n",
      "COV:     -0.011302     0.010364    -0.004531      0.04826    -0.021128\n",
      "COV:      0.045147   0.00014626   -0.0093704    -0.021128     0.097979\n",
      "COV:      0.038101    0.0050428    -0.004187   0.00090985     0.012184\n",
      "COV:     0.0050428     0.014827   -0.0023725    0.0056241   -0.0062663\n",
      "COV:     -0.004187   -0.0023725     0.056354    0.0069996   -0.0015476\n",
      "COV:    0.00090985    0.0056241    0.0069996      0.03247   -0.0062778\n",
      "COV:      0.012184   -0.0062663   -0.0015476   -0.0062778     0.046821\n",
      "COV:      0.025111    0.0023882   -0.0087284   -0.0038353    0.0021329\n",
      "COV:     0.0023882     0.012971   0.00042503    0.0055423   -0.0054329\n",
      "COV:    -0.0087284   0.00042503     0.046208  -0.00020418   0.00021525\n",
      "COV:    -0.0038353    0.0055423  -0.00020418     0.024016   -0.0032562\n",
      "COV:     0.0021329   -0.0054329   0.00021525   -0.0032562     0.036617\n",
      "COV:      0.013423    0.0023478    9.789e-05    0.0008868    0.0010227\n",
      "COV:     0.0023478    0.0060418   -0.0009604   0.00036667   -0.0090815\n",
      "COV:     9.789e-05   -0.0009604     0.018123    0.0038442   -0.0017839\n",
      "COV:     0.0008868   0.00036667    0.0038442     0.010693   0.00035174\n",
      "COV:     0.0010227   -0.0090815   -0.0017839   0.00035174     0.056234\n",
      "COV:      0.026726    0.0065356    0.0051727    0.0056743    0.0014168\n",
      "COV:     0.0065356     0.013782   -0.0025438    0.0030276   -0.0027692\n",
      "COV:     0.0051727   -0.0025438     0.051929   -0.0012959  -0.00021528\n",
      "COV:     0.0056743    0.0030276   -0.0012959     0.025403    0.0015469\n",
      "COV:     0.0014168   -0.0027692  -0.00021528    0.0015469     0.045671\n",
      "COV:      0.023737    0.0034078   0.00072281    0.0010479    0.0080995\n",
      "COV:     0.0034078      0.01265   -0.0020941  -0.00065808  -0.00050088\n",
      "COV:    0.00072281   -0.0020941     0.044172  -0.00030794   -0.0088138\n",
      "COV:     0.0010479  -0.00065808  -0.00030794     0.018638    0.0031153\n",
      "COV:     0.0080995  -0.00050088   -0.0088138    0.0031153     0.044044\n",
      "COV:      0.028355    0.0046395    -0.003967  -0.00057008     0.010516\n",
      "COV:     0.0046395     0.012248   -0.0033109    0.0070925  -0.00071414\n",
      "COV:     -0.003967   -0.0033109     0.046759   0.00015619     0.006568\n",
      "COV:   -0.00057008    0.0070925   0.00015619     0.026944    0.0046341\n",
      "COV:      0.010516  -0.00071414     0.006568    0.0046341     0.045497\n",
      "COV:       0.01777    0.0014005   0.00017871   -0.0036322  -8.3465e-05\n",
      "COV:     0.0014005    0.0081614    0.0087785    0.0031451    0.0011783\n",
      "COV:    0.00017871    0.0087785     0.066404   -0.0023141      0.01033\n",
      "COV:    -0.0036322    0.0031451   -0.0023141     0.015766    0.0046464\n",
      "COV:   -8.3465e-05    0.0011783      0.01033    0.0046464     0.054937\n",
      "COV:      0.027552     0.008217   -0.0050229   -0.0025122      0.01025\n",
      "COV:      0.008217      0.01178   -0.0028662    0.0040129   -0.0012188\n",
      "COV:    -0.0050229   -0.0028662     0.046866   -0.0023948   -0.0024435\n",
      "COV:    -0.0025122    0.0040129   -0.0023948      0.02065    -0.002723\n",
      "COV:       0.01025   -0.0012188   -0.0024435    -0.002723     0.032495\n",
      "COV:      0.024546   0.00087102   -0.0074372   -0.0038439    0.0059992\n",
      "COV:    0.00087102     0.011548   -0.0010054    0.0056896   0.00060459\n",
      "COV:    -0.0074372   -0.0010054     0.062527    0.0028787    0.0030453\n",
      "COV:    -0.0038439    0.0056896    0.0028787     0.028032   -0.0029156\n",
      "COV:     0.0059992   0.00060459    0.0030453   -0.0029156     0.054528\n",
      "COV:      0.043646       0.0108    -0.010159   -0.0024092     0.022884\n",
      "COV:        0.0108     0.011054   -0.0040608   -0.0022256    0.0058547\n",
      "COV:     -0.010159   -0.0040608     0.024213    -0.001707   -0.0025825\n",
      "COV:    -0.0024092   -0.0022256    -0.001707     0.022121    0.0040447\n",
      "COV:      0.022884    0.0058547   -0.0025825    0.0040447     0.039431\n",
      "COV:      0.031642    0.0050959   -0.0054564    0.0012392     0.017108\n",
      "COV:     0.0050959     0.015973   -0.0070982     0.002651   -0.0022507\n",
      "COV:    -0.0054564   -0.0070982     0.068333      0.01022   -0.0025398\n",
      "COV:     0.0012392     0.002651      0.01022     0.020543   -0.0019189\n",
      "COV:      0.017108   -0.0022507   -0.0025398   -0.0019189     0.063945\n",
      "COV:      0.036461     0.001948   -0.0026091   -0.0015282    0.0090943\n",
      "COV:      0.001948     0.010869   -0.0028133    0.0031337    0.0013411\n",
      "COV:    -0.0026091   -0.0028133     0.057226    0.0087775   -0.0055844\n",
      "COV:    -0.0015282    0.0031337    0.0087775     0.022639    0.0033836\n",
      "COV:     0.0090943    0.0013411   -0.0055844    0.0033836     0.044319\n",
      "COV:      0.029044   0.00089021    0.0056247   -0.0037871    0.0083947\n",
      "COV:    0.00089021     0.011492    0.0016555    0.0032706   -0.0058985\n",
      "COV:     0.0056247    0.0016555     0.043859   0.00051403    0.0011175\n",
      "COV:    -0.0037871    0.0032706   0.00051403     0.022258   -0.0036307\n",
      "COV:     0.0083947   -0.0058985    0.0011175   -0.0036307      0.04309\n",
      "COV:      0.057933     0.013958    0.0027698   -0.0027575       0.0274\n",
      "COV:      0.013958      0.02967    -0.017305     0.011971    -0.010276\n",
      "COV:     0.0027698    -0.017305      0.10371    0.0072984     0.017896\n",
      "COV:    -0.0027575     0.011971    0.0072984     0.042559    -0.016738\n",
      "COV:        0.0274    -0.010276     0.017896    -0.016738      0.08898\n",
      "COV:      0.031605     0.004042   -0.0065093   -0.0015854      0.01253\n",
      "COV:      0.004042     0.011913    -0.010116    0.0057777    0.0038509\n",
      "COV:    -0.0065093    -0.010116     0.054025    0.0016247   -0.0036817\n",
      "COV:    -0.0015854    0.0057777    0.0016247     0.030286    0.0011069\n",
      "COV:       0.01253    0.0038509   -0.0036817    0.0011069     0.040689\n",
      "COV:      0.029084    0.0020767   -0.0047439   -0.0017908     0.007801\n",
      "COV:     0.0020767    0.0094464  -0.00021294    0.0042373   -0.0052225\n",
      "COV:    -0.0047439  -0.00021294     0.041312    0.0031201     0.003444\n",
      "COV:    -0.0017908    0.0042373    0.0031201     0.025116    0.0019799\n",
      "COV:      0.007801   -0.0052225     0.003444    0.0019799     0.036797\n",
      "COV:      0.026879    0.0059487    -0.020238   -0.0040048     0.017235\n",
      "COV:     0.0059487     0.011192   -0.0058358    0.0042865    0.0014728\n",
      "COV:     -0.020238   -0.0058358     0.088798    0.0074703      -0.0232\n",
      "COV:    -0.0040048    0.0042865    0.0074703     0.020361   -0.0027624\n",
      "COV:      0.017235    0.0014728      -0.0232   -0.0027624     0.049374\n",
      "COV:      0.033558    0.0046808    0.0039383    -0.006697    0.0080646\n",
      "COV:     0.0046808     0.013626  -0.00040528    0.0049901   -0.0029934\n",
      "COV:     0.0039383  -0.00040528       0.0525    0.0067151   -0.0028459\n",
      "COV:     -0.006697    0.0049901    0.0067151     0.026848   -0.0030972\n",
      "COV:     0.0080646   -0.0029934   -0.0028459   -0.0030972     0.046088\n",
      "COV:      0.040052    0.0038647    0.0077336    0.0018283     0.023548\n",
      "COV:     0.0038647     0.022766   -0.0095215     0.010973   0.00098607\n",
      "COV:     0.0077336   -0.0095215     0.069777    -0.006618    0.0035232\n",
      "COV:     0.0018283     0.010973    -0.006618     0.032552   0.00068276\n",
      "COV:      0.023548   0.00098607    0.0035232   0.00068276     0.070763\n",
      "COV:      0.037001    0.0032682   -0.0015142   -0.0066972     0.010257\n",
      "COV:     0.0032682     0.012747   0.00080703    0.0033614    0.0032992\n",
      "COV:    -0.0015142   0.00080703     0.071081    0.0035612  -0.00090616\n",
      "COV:    -0.0066972    0.0033614    0.0035612     0.033488    0.0013821\n",
      "COV:      0.010257    0.0032992  -0.00090616    0.0013821     0.055651\n",
      "COV:      0.027725    0.0046248    -0.011135   -0.0036052      0.01056\n",
      "COV:     0.0046248     0.010213   -0.0023593    0.0048577   0.00070759\n",
      "COV:     -0.011135   -0.0023593     0.063405    0.0049937   -0.0079035\n",
      "COV:    -0.0036052    0.0048577    0.0049937     0.027074    0.0034804\n",
      "COV:       0.01056   0.00070759   -0.0079035    0.0034804     0.037342\n",
      "COV:      0.024563    0.0038688    0.0043916  -0.00091009    0.0038109\n",
      "COV:     0.0038688     0.011228   -0.0046277    0.0025287  -5.1189e-07\n",
      "COV:     0.0043916   -0.0046277     0.046189   -0.0079189   -0.0040437\n",
      "COV:   -0.00091009    0.0025287   -0.0079189     0.018686    -0.002322\n",
      "COV:     0.0038109  -5.1189e-07   -0.0040437    -0.002322     0.029334\n",
      "COV:      0.027589    0.0096317    -0.012823     0.004366     0.018512\n",
      "COV:     0.0096317    0.0090049   -0.0063487    0.0067386     0.011409\n",
      "COV:     -0.012823   -0.0063487     0.031139   -0.0036956   -0.0082112\n",
      "COV:      0.004366    0.0067386   -0.0036956      0.02653     0.011384\n",
      "COV:      0.018512     0.011409   -0.0082112     0.011384     0.043525\n",
      "COV:      0.031631    0.0079066    0.0033794   -0.0015848     0.006957\n",
      "COV:     0.0079066     0.016783   -0.0015528    0.0050968  -0.00083364\n",
      "COV:     0.0033794   -0.0015528     0.040789   -0.0019251    0.0072247\n",
      "COV:    -0.0015848    0.0050968   -0.0019251     0.031717   -0.0030518\n",
      "COV:      0.006957  -0.00083364    0.0072247   -0.0030518     0.042532\n"
     ]
    },
    {
     "name": "stdout",
     "output_type": "stream",
     "text": [
      "COV:      0.031996    0.0040134   0.00017047   -0.0019822    0.0043157\n",
      "COV:     0.0040134    0.0094612  -0.00018804    0.0018232   -0.0024348\n",
      "COV:    0.00017047  -0.00018804      0.04822  -0.00087217    0.0025695\n",
      "COV:    -0.0019822    0.0018232  -0.00087217     0.025163   -0.0041469\n",
      "COV:     0.0043157   -0.0024348    0.0025695   -0.0041469     0.043228\n",
      "COV:      0.025241    0.0046604   -0.0015515   -0.0021722    0.0034303\n",
      "COV:     0.0046604    0.0087712    -0.005075     0.002041   -0.0012413\n",
      "COV:    -0.0015515    -0.005075     0.057318   -0.0041312   -0.0056822\n",
      "COV:    -0.0021722     0.002041   -0.0041312      0.02006   0.00012639\n",
      "COV:     0.0034303   -0.0012413   -0.0056822   0.00012639     0.037137\n",
      "COV:      0.016707    0.0010284   -0.0027146    0.0012229      0.00293\n",
      "COV:     0.0010284    0.0084204   -0.0010291    0.0023317  -0.00014882\n",
      "COV:    -0.0027146   -0.0010291     0.040933   -0.0037802    0.0034547\n",
      "COV:     0.0012229    0.0023317   -0.0037802     0.021569   -0.0031719\n",
      "COV:       0.00293  -0.00014882    0.0034547   -0.0031719     0.034875\n",
      "COV:      0.022503   0.00027841   -0.0063444   -0.0024498    0.0081604\n",
      "COV:    0.00027841    0.0091486   -0.0017927    0.0036075  -0.00075957\n",
      "COV:    -0.0063444   -0.0017927     0.054366    0.0011544   -0.0031498\n",
      "COV:    -0.0024498    0.0036075    0.0011544     0.023693    0.0021424\n",
      "COV:     0.0081604  -0.00075957   -0.0031498    0.0021424     0.035317\n",
      "COV:      0.023249    0.0012339    0.0065386    0.0020248     0.007303\n",
      "COV:     0.0012339    0.0074721    0.0011247    0.0030007  -0.00073344\n",
      "COV:     0.0065386    0.0011247     0.045396   -0.0050295    0.0015486\n",
      "COV:     0.0020248    0.0030007   -0.0050295     0.023996  -0.00062946\n",
      "COV:      0.007303  -0.00073344    0.0015486  -0.00062946     0.031365\n",
      "COV:      0.021717     0.016461     -0.01113    0.0069359   -0.0036476\n",
      "COV:      0.016461     0.027828    -0.015159     0.011166    -0.010655\n",
      "COV:      -0.01113    -0.015159     0.033888   -0.0036079    0.0036317\n",
      "COV:     0.0069359     0.011166   -0.0036079      0.01774   -0.0036048\n",
      "COV:    -0.0036476    -0.010655    0.0036317   -0.0036048     0.039879\n",
      "COV:       0.02262    0.0028558   -0.0013501  -0.00072959    0.0050534\n",
      "COV:     0.0028558     0.015947    0.0010994      0.00671    -0.003566\n",
      "COV:    -0.0013501    0.0010994     0.051062    0.0054674   -0.0040902\n",
      "COV:   -0.00072959      0.00671    0.0054674     0.023981   -0.0020092\n",
      "COV:     0.0050534    -0.003566   -0.0040902   -0.0020092     0.031325\n",
      "COV:      0.033023    0.0033113    0.0016005   -0.0028308      0.00477\n",
      "COV:     0.0033113     0.012064    0.0011905    0.0046816   -0.0032448\n",
      "COV:     0.0016005    0.0011905      0.05487   -0.0029413  -0.00054855\n",
      "COV:    -0.0028308    0.0046816   -0.0029413     0.024459   -0.0010454\n",
      "COV:       0.00477   -0.0032448  -0.00054855   -0.0010454     0.044036\n",
      "COV:      0.047726    0.0040658    -0.010458   -0.0095278     0.019946\n",
      "COV:     0.0040658     0.013758   -0.0060514    0.0085187   -0.0032781\n",
      "COV:     -0.010458   -0.0060514     0.066348     0.001839   -0.0054911\n",
      "COV:    -0.0095278    0.0085187     0.001839     0.040591    -0.011628\n",
      "COV:      0.019946   -0.0032781   -0.0054911    -0.011628     0.061813\n",
      "COV:      0.031399    0.0040362   -0.0046136   0.00026472     0.017247\n",
      "COV:     0.0040362     0.012271  -0.00047224    0.0043152   -0.0030028\n",
      "COV:    -0.0046136  -0.00047224     0.042467   -0.0027481   -0.0039163\n",
      "COV:    0.00026472    0.0043152   -0.0027481     0.023904    0.0022036\n",
      "COV:      0.017247   -0.0030028   -0.0039163    0.0022036     0.051908\n",
      "COV:      0.038493   -0.0029993   -0.0019963   -0.0078397      0.02954\n",
      "COV:    -0.0029993    0.0089092  -0.00064855    0.0047019   -0.0059814\n",
      "COV:    -0.0019963  -0.00064855     0.025719    0.0068279    0.0021082\n",
      "COV:    -0.0078397    0.0047019    0.0068279     0.014112     -0.00729\n",
      "COV:       0.02954   -0.0059814    0.0021082     -0.00729     0.042938\n",
      "COV:      0.048876     0.011151    -0.013937   -0.0010121     0.023093\n",
      "COV:      0.011151     0.017979    -0.010276    0.0054072   -0.0032845\n",
      "COV:     -0.013937    -0.010276      0.08129    0.0087017   -0.0064338\n",
      "COV:    -0.0010121    0.0054072    0.0087017     0.030334    -0.005154\n",
      "COV:      0.023093   -0.0032845   -0.0064338    -0.005154     0.070106\n",
      "COV:      0.020529    0.0045654    0.0030848    0.0013019    0.0039678\n",
      "COV:     0.0045654     0.010143    0.0053969    0.0025053   1.9499e-05\n",
