{
  'NcDataBaoDMrHr', 
  {
    'desc'      : <'SDSS DR12 -- Ross et al. (2016), arXiv:1607.03145; Alam et al. (2016), arXiv:1607.03155; BAO Sample(D_M * r_sd^fid / r_sd, H * r_sd / r_sd^fid)'>, 
    'init'      : <true>,
    'rs-fiduc'  : <147.78>, 
    'n-points'  : <6>, 
    'mean'      : <[1518.0, 81.5, 1977, 90.4, 2283.0, 97.3]>, 
    'cov'       : <[
                     [ 484.0,    9.5304,   295.218,  4.66906,  140.1664, 2.4024],
                     [ 9.5304,   3.61,     7.87968,  1.759153, 5.98272,  0.920493],
                     [ 295.218,  7.87968,  729.0,    11.93238, 442.368,  6.86637],
                     [ 4.66906,  1.759153, 11.93238, 3.61,     9.55168,  2.174151],
                     [ 140.1664, 5.98272,  442.368,  9.55168,  1024.0,   16.18176], 
                     [ 2.4024,   0.920493, 6.86637,  2.174151, 16.18176, 4.41] 
                   ]>, 
    'z'         : <[0.38, 0.38, 0.51, 0.51, 0.61, 0.61]>
  }
}

