(
  'NcDataBaoDMrHr', 
  {
    'desc'      : <'SDSS DR12 (final consensus) -- Ross et al. (2016), arXiv:1607.03145; Alam et al. (2016), arXiv:1607.03155; BAO+FS Sample(D_M * r_sd^fid / r_sd, H * r_sd / r_sd^fid)'>, 
    'init'      : <true>,
    'rs-fiduc'  : <147.78>, 
    'n-points'  : <6>, 
    'mean'      : <[1518.36, 81.5095, 1977.44, 90.4474, 2283.18, 97.2556]>, 
    'cov'       : <[
                     [ 500.049, 9.71342,  294.536, 4.85105, 142.011, 2.43394  ],
                     [ 9.71342, 3.63049,  7.75546, 1.80306, 5.97897, 0.919842 ],
                     [ 294.536, 7.75546,  702.299, 11.9729, 432.75,  6.71715  ],
                     [ 4.85105, 1.80306,  11.9729, 3.77146, 9.73184, 2.21471  ],
                     [ 142.011, 5.97897,  432.75,  9.73184, 1017.18, 16.0709  ],
                     [ 2.43394, 0.919842, 6.71715, 2.21471, 16.0709, 4.37982  ]
                   ]>, 
    'z'         : <[0.38, 0.38, 0.51, 0.51, 0.61, 0.61]>
  }
)
